LINEÆR REGRESJON LIGNING
R2=0.9844 RMSE=1478016.83
y = (-2804548844.458528) + (78.570726)*anall innbyggere + (1384572.257583)*år + (-605943.003896)*t_index + (19604.415594)*sin_q + (284725.835654)*cos_q + (6343449.856357)*t_index_area + (-260217.495185)*Q_1 + (127656.785155)*Q_2 + (-279821.910779)*Q_3 + (412382.620809)*Q_4 + (23512574.613413)*AREA_1 + (-889935.112067)*AREA_10 + (-1105458.352849)*AREA_11 + (-3123315.009489)*AREA_2 + (-9882481.407947)*AREA_3 + (-2147146.216456)*AREA_4 + (-4657516.958967)*AREA_5 + (-2213697.621181)*AREA_6 + (-1378749.443995)*AREA_7 + (-895073.117462)*AREA_8 + (2780798.626999)*AREA_9